val_loss_array: [0.15715369851224953, 0.27307380942834747, 0.4107561790280872, 0.21654998107502857, 0.2578497822913859, 0.22700637723836634, 0.5224052150216367, 0.18682702713542515, 7.477275411287944, 0.254035083990958, 0.14233441630171406, 0.46358635193771786, 0.19487345860236222, 0.08739672901315822, 0.2411148047281636, 4.512939499484168, 0.18500233296718863, 0.3892977763381269, 7.517627927992079, 0.4928300893969006, 0.25922147805492085, 0.24816042309006056, 0.1652112841192219, 0.23985088616609573, 0.19911126337117618, 0.3436497474710147, 7.575694653722975, 0.9518500881062614, 0.19594762701955107, 0.9451532198323144, 0.2963355609940158, 0.19412288297381666, 0.37436534009046024, 0.2286443795180983, 0.2639270946383476, 0.21770002589457566, 0.182845582978593, 0.27886393914620083, 0.3733384927941693, 0.2885084342625406, 0.26303668071826297, 0.24981817354758581, 0.28256837071643937, 0.28915907194217044, 0.3696610832379924, 0.28103315830230713, 0.2652599621150229, 0.3665291257202625, 0.24284411552879545, 0.266777659042014, 0.2547333414355914]
bleu_score_array: [0.9878428145886207, 0.9878428145886207, 0.9878428145886207, 0.9878428145886207, 0.9878428145886207, 0.9878428145886207, 0.961530428945712, 0.9878428145886207, 0.9878428145886207, 0.9878428145886207, 0.9878428145886207, 0.9878428145886207, 0.9878428145886207, 0.9878428145886207, 0.9878428145886207, 0.9878428145886207, 0.9878428145886207, 0.9878428145886207, 0.9878428145886207, 0.9878428145886207, 0.9878428145886207, 0.9878428145886207, 0.9878428145886207, 0.9878428145886207, 0.9878428145886207, 0.9878428145886207, 0.9878428145886207, 0.9878428145886207, 0.9878428145886207, 0.9878428145886207, 0.9878428145886207, 0.9878428145886207, 0.9878428145886207, 0.9878428145886207, 0.9878428145886207, 0.9878428145886207, 0.9878428145886207, 0.9878428145886207, 0.9878428145886207, 0.9878428145886207, 0.9878428145886207, 0.9878428145886207, 0.9878428145886207, 0.9878428145886207, 0.9878428145886207, 0.9878428145886207, 0.9878428145886207, 0.9878428145886207, 0.9878428145886207, 0.9878428145886207, 0.9878428145886207]
sari_array: [0.33101851851851855, 0.33101851851851855, 0.33101851851851855, 0.33101851851851855, 0.33101851851851855, 0.33101851851851855, 0.32536688207484715, 0.33101851851851855, 0.33101851851851855, 0.33101851851851855, 0.33101851851851855, 0.33101851851851855, 0.33101851851851855, 0.33101851851851855, 0.33101851851851855, 0.33101851851851855, 0.33101851851851855, 0.33101851851851855, 0.33101851851851855, 0.33101851851851855, 0.33101851851851855, 0.33101851851851855, 0.33101851851851855, 0.33101851851851855, 0.33101851851851855, 0.33101851851851855, 0.33101851851851855, 0.33101851851851855, 0.33101851851851855, 0.33101851851851855, 0.33101851851851855, 0.33101851851851855, 0.33101851851851855, 0.33101851851851855, 0.33101851851851855, 0.33101851851851855, 0.33101851851851855, 0.33101851851851855, 0.33101851851851855, 0.33101851851851855, 0.33101851851851855, 0.33101851851851855, 0.33101851851851855, 0.33101851851851855, 0.33101851851851855, 0.33101851851851855, 0.33101851851851855, 0.33101851851851855, 0.33101851851851855, 0.33101851851851855, 0.33101851851851855]
flesch_kincaid_grade_array: [205.7, 205.7, 205.7, 205.7, 205.7, 205.7, 188.6, 205.7, 205.7, 205.7, 205.7, 205.7, 205.7, 205.7, 205.7, 205.7, 205.7, 205.7, 205.7, 205.7, 205.7, 205.7, 205.7, 205.7, 205.7, 205.7, 205.7, 205.7, 205.7, 205.7, 205.7, 205.7, 205.7, 205.7, 205.7, 205.7, 205.7, 205.7, 205.7, 205.7, 205.7, 205.7, 205.7, 205.7, 205.7, 205.7, 205.7, 205.7, 205.7, 205.7, 205.7]
